 0.00   +2.000   +0.000
 1.00   +2.000   +0.035
 2.00   +1.999   +0.070
 3.00   +1.997   +0.105
 4.00   +1.995   +0.140
 5.00   +1.992   +0.174
 6.00   +1.989   +0.209
 7.00   +1.985   +0.244
 8.00   +1.981   +0.278
 9.00   +1.975   +0.313
10.00   +1.970   +0.347
11.00   +1.963   +0.382
12.00   +1.956   +0.416
13.00   +1.949   +0.450
14.00   +1.941   +0.484
15.00   +1.932   +0.518
16.00   +1.923   +0.551
17.00   +1.913   +0.585
18.00   +1.902   +0.618
19.00   +1.891   +0.651
20.00   +1.879   +0.684
21.00   +1.867   +0.717
22.00   +1.854   +0.749
23.00   +1.841   +0.781
24.00   +1.827   +0.813
25.00   +1.813   +0.845
26.00   +1.798   +0.877
27.00   +1.782   +0.908
28.00   +1.766   +0.939
29.00   +1.749   +0.970
30.00   +1.732   +1.000
31.00   +1.714   +1.030
32.00   +1.696   +1.060
33.00   +1.677   +1.089
34.00   +1.658   +1.118
35.00   +1.638   +1.147
36.00   +1.618   +1.176
37.00   +1.597   +1.204
38.00   +1.576   +1.231
39.00   +1.554   +1.259
40.00   +1.532   +1.286
41.00   +1.509   +1.312
42.00   +1.486   +1.338
43.00   +1.463   +1.364
44.00   +1.439   +1.389
45.00   +1.414   +1.414
46.00   +1.389   +1.439
47.00   +1.364   +1.463
48.00   +1.338   +1.486
49.00   +1.312   +1.509
50.00   +1.286   +1.532
51.00   +1.259   +1.554
52.00   +1.231   +1.576
53.00   +1.204   +1.597
54.00   +1.176   +1.618
55.00   +1.147   +1.638
56.00   +1.118   +1.658
57.00   +1.089   +1.677
58.00   +1.060   +1.696
59.00   +1.030   +1.714
60.00   +1.000   +1.732
61.00   +0.970   +1.749
62.00   +0.939   +1.766
63.00   +0.908   +1.782
64.00   +0.877   +1.798
65.00   +0.845   +1.813
66.00   +0.813   +1.827
67.00   +0.781   +1.841
68.00   +0.749   +1.854
69.00   +0.717   +1.867
70.00   +0.684   +1.879
71.00   +0.651   +1.891
72.00   +0.618   +1.902
73.00   +0.585   +1.913
74.00   +0.551   +1.923
75.00   +0.518   +1.932
76.00   +0.484   +1.941
77.00   +0.450   +1.949
78.00   +0.416   +1.956
79.00   +0.382   +1.963
80.00   +0.347   +1.970
81.00   +0.313   +1.975
82.00   +0.278   +1.981
83.00   +0.244   +1.985
84.00   +0.209   +1.989
85.00   +0.174   +1.992
86.00   +0.140   +1.995
87.00   +0.105   +1.997
88.00   +0.070   +1.999
89.00   +0.035   +2.000
90.00   +0.000   +2.000
91.00   -0.035   +2.000
92.00   -0.070   +1.999
93.00   -0.105   +1.997
94.00   -0.140   +1.995
95.00   -0.174   +1.992
96.00   -0.209   +1.989
97.00   -0.244   +1.985
98.00   -0.278   +1.981
99.00   -0.313   +1.975
100.00   -0.347   +1.970
101.00   -0.382   +1.963
102.00   -0.416   +1.956
103.00   -0.450   +1.949
104.00   -0.484   +1.941
105.00   -0.518   +1.932
106.00   -0.551   +1.923
107.00   -0.585   +1.913
108.00   -0.618   +1.902
109.00   -0.651   +1.891
110.00   -0.684   +1.879
111.00   -0.717   +1.867
112.00   -0.749   +1.854
113.00   -0.781   +1.841
114.00   -0.813   +1.827
115.00   -0.845   +1.813
116.00   -0.877   +1.798
117.00   -0.908   +1.782
118.00   -0.939   +1.766
119.00   -0.970   +1.749
120.00   -1.000   +1.732
121.00   -1.030   +1.714
122.00   -1.060   +1.696
123.00   -1.089   +1.677
124.00   -1.118   +1.658
125.00   -1.147   +1.638
126.00   -1.176   +1.618
127.00   -1.204   +1.597
128.00   -1.231   +1.576
129.00   -1.259   +1.554
130.00   -1.286   +1.532
131.00   -1.312   +1.509
132.00   -1.338   +1.486
133.00   -1.364   +1.463
134.00   -1.389   +1.439
135.00   -1.414   +1.414
136.00   -1.439   +1.389
137.00   -1.463   +1.364
138.00   -1.486   +1.338
139.00   -1.509   +1.312
140.00   -1.532   +1.286
141.00   -1.554   +1.259
142.00   -1.576   +1.231
143.00   -1.597   +1.204
144.00   -1.618   +1.176
145.00   -1.638   +1.147
146.00   -1.658   +1.118
147.00   -1.677   +1.089
148.00   -1.696   +1.060
149.00   -1.714   +1.030
150.00   -1.732   +1.000
151.00   -1.749   +0.970
152.00   -1.766   +0.939
153.00   -1.782   +0.908
154.00   -1.798   +0.877
155.00   -1.813   +0.845
156.00   -1.827   +0.813
157.00   -1.841   +0.781
158.00   -1.854   +0.749
159.00   -1.867   +0.717
160.00   -1.879   +0.684
161.00   -1.891   +0.651
162.00   -1.902   +0.618
163.00   -1.913   +0.585
164.00   -1.923   +0.551
165.00   -1.932   +0.518
166.00   -1.941   +0.484
167.00   -1.949   +0.450
168.00   -1.956   +0.416
169.00   -1.963   +0.382
170.00   -1.970   +0.347
171.00   -1.975   +0.313
172.00   -1.981   +0.278
173.00   -1.985   +0.244
174.00   -1.989   +0.209
175.00   -1.992   +0.174
176.00   -1.995   +0.140
177.00   -1.997   +0.105
178.00   -1.999   +0.070
179.00   -2.000   +0.035
180.00   -2.000   +0.000
181.00   -2.000   -0.035
182.00   -1.999   -0.070
183.00   -1.997   -0.105
184.00   -1.995   -0.140
185.00   -1.992   -0.174
186.00   -1.989   -0.209
187.00   -1.985   -0.244
188.00   -1.981   -0.278
189.00   -1.975   -0.313
190.00   -1.970   -0.347
191.00   -1.963   -0.382
192.00   -1.956   -0.416
193.00   -1.949   -0.450
194.00   -1.941   -0.484
195.00   -1.932   -0.518
196.00   -1.923   -0.551
197.00   -1.913   -0.585
198.00   -1.902   -0.618
199.00   -1.891   -0.651
200.00   -1.879   -0.684
201.00   -1.867   -0.717
202.00   -1.854   -0.749
203.00   -1.841   -0.781
204.00   -1.827   -0.813
205.00   -1.813   -0.845
206.00   -1.798   -0.877
207.00   -1.782   -0.908
208.00   -1.766   -0.939
209.00   -1.749   -0.970
210.00   -1.732   -1.000
211.00   -1.714   -1.030
212.00   -1.696   -1.060
213.00   -1.677   -1.089
214.00   -1.658   -1.118
215.00   -1.638   -1.147
216.00   -1.618   -1.176
217.00   -1.597   -1.204
218.00   -1.576   -1.231
219.00   -1.554   -1.259
220.00   -1.532   -1.286
221.00   -1.509   -1.312
222.00   -1.486   -1.338
223.00   -1.463   -1.364
224.00   -1.439   -1.389
225.00   -1.414   -1.414
226.00   -1.389   -1.439
227.00   -1.364   -1.463
228.00   -1.338   -1.486
229.00   -1.312   -1.509
230.00   -1.286   -1.532
231.00   -1.259   -1.554
232.00   -1.231   -1.576
233.00   -1.204   -1.597
234.00   -1.176   -1.618
235.00   -1.147   -1.638
236.00   -1.118   -1.658
237.00   -1.089   -1.677
238.00   -1.060   -1.696
239.00   -1.030   -1.714
240.00   -1.000   -1.732
241.00   -0.970   -1.749
242.00   -0.939   -1.766
243.00   -0.908   -1.782
244.00   -0.877   -1.798
245.00   -0.845   -1.813
246.00   -0.813   -1.827
247.00   -0.781   -1.841
248.00   -0.749   -1.854
249.00   -0.717   -1.867
250.00   -0.684   -1.879
251.00   -0.651   -1.891
252.00   -0.618   -1.902
253.00   -0.585   -1.913
254.00   -0.551   -1.923
255.00   -0.518   -1.932
256.00   -0.484   -1.941
257.00   -0.450   -1.949
258.00   -0.416   -1.956
259.00   -0.382   -1.963
260.00   -0.347   -1.970
261.00   -0.313   -1.975
262.00   -0.278   -1.981
263.00   -0.244   -1.985
264.00   -0.209   -1.989
265.00   -0.174   -1.992
266.00   -0.140   -1.995
267.00   -0.105   -1.997
268.00   -0.070   -1.999
269.00   -0.035   -2.000
270.00   -0.000   -2.000
271.00   +0.035   -2.000
272.00   +0.070   -1.999
273.00   +0.105   -1.997
274.00   +0.140   -1.995
275.00   +0.174   -1.992
276.00   +0.209   -1.989
277.00   +0.244   -1.985
278.00   +0.278   -1.981
279.00   +0.313   -1.975
280.00   +0.347   -1.970
281.00   +0.382   -1.963
282.00   +0.416   -1.956
283.00   +0.450   -1.949
284.00   +0.484   -1.941
285.00   +0.518   -1.932
286.00   +0.551   -1.923
287.00   +0.585   -1.913
288.00   +0.618   -1.902
289.00   +0.651   -1.891
290.00   +0.684   -1.879
291.00   +0.717   -1.867
292.00   +0.749   -1.854
293.00   +0.781   -1.841
294.00   +0.813   -1.827
295.00   +0.845   -1.813
296.00   +0.877   -1.798
297.00   +0.908   -1.782
298.00   +0.939   -1.766
299.00   +0.970   -1.749
300.00   +1.000   -1.732
301.00   +1.030   -1.714
302.00   +1.060   -1.696
303.00   +1.089   -1.677
304.00   +1.118   -1.658
305.00   +1.147   -1.638
306.00   +1.176   -1.618
307.00   +1.204   -1.597
308.00   +1.231   -1.576
309.00   +1.259   -1.554
310.00   +1.286   -1.532
311.00   +1.312   -1.509
312.00   +1.338   -1.486
313.00   +1.364   -1.463
314.00   +1.389   -1.439
315.00   +1.414   -1.414
316.00   +1.439   -1.389
317.00   +1.463   -1.364
318.00   +1.486   -1.338
319.00   +1.509   -1.312
320.00   +1.532   -1.286
321.00   +1.554   -1.259
322.00   +1.576   -1.231
323.00   +1.597   -1.204
324.00   +1.618   -1.176
325.00   +1.638   -1.147
326.00   +1.658   -1.118
327.00   +1.677   -1.089
328.00   +1.696   -1.060
329.00   +1.714   -1.030
330.00   +1.732   -1.000
331.00   +1.749   -0.970
332.00   +1.766   -0.939
333.00   +1.782   -0.908
334.00   +1.798   -0.877
335.00   +1.813   -0.845
336.00   +1.827   -0.813
337.00   +1.841   -0.781
338.00   +1.854   -0.749
339.00   +1.867   -0.717
340.00   +1.879   -0.684
341.00   +1.891   -0.651
342.00   +1.902   -0.618
343.00   +1.913   -0.585
344.00   +1.923   -0.551
345.00   +1.932   -0.518
346.00   +1.941   -0.484
347.00   +1.949   -0.450
348.00   +1.956   -0.416
349.00   +1.963   -0.382
350.00   +1.970   -0.347
351.00   +1.975   -0.313
352.00   +1.981   -0.278
353.00   +1.985   -0.244
354.00   +1.989   -0.209
355.00   +1.992   -0.174
356.00   +1.995   -0.140
357.00   +1.997   -0.105
358.00   +1.999   -0.070
359.00   +2.000   -0.035
